38 34 78
41 10 71
89 69 96
11 33 65
46 22 6
44 48 66
44 42 12
28 48 9
12 31 21
85 97 41
8 19 91
70 81 66
57 2 55
44 35 74
50 44 37
65 74 23
89 27 35
40 67 58
83 7 88
65 24 58
53 81 63
71 58 94
11 80 31
50 98 52
29 12 56
53 72 47
2 86 39
52 38 35
37 70 15
71 67 92
64 45 10
28 56 90
94 26 93
34 35 59
41 5 31
27 97 88
12 45 60
72 67 53
37 31 97
54 57 92
97 62 62
83 47 54
33 45 83
38 71 53
17 37 50
8 52 77
31 59 32
61 57 14
40 26 36
75 3 72
18 87 87
69 54 16
64 31 32
64 74 86
9 36 41
60 55 57
32 96 7
75 16 1
40 100 19
84 27 51
56 14 53
96 44 91
68 59 65
96 38 62
38 71 90
56 44 4
93 4 8
38 28 95
93 68 91
41 22 85
53 88 99
38 81 50
64 54 12
4 71 51
99 48 80
43 20 29
77 73 68
55 75 69
48 76 70
97 60 73
35 6 43
18 56 99
57 69 12
36 53 16
45 97 35
53 94 4
21 6 37
8 88 81
25 75 73
89 35 22
4 57 2
40 17 84
96 85 42
67 7 92
41 35 60
2 37 98
6 4 70
15 94 79
32 4 46
87 100 44
