5 8 22
46 63 53
84 74 91
4 95 95
44 58 54
31 66 67
94 11 73
1 45 50
98 29 48
26 81 18
63 64 82
41 98 33
72 35 75
84 18 32
25 26 80
4 23 19
22 81 89
99 68 77
75 45 70
24 83 74
36 47 55
38 24 78
56 99 26
31 29 10
9 24 67
22 12 67
89 34 100
79 30 90
28 46 90
96 12 2
58 44 87
80 40 91
59 95 3
16 66 80
21 21 22
98 53 11
92 25 63
22 42 87
1 20 70
94 5 28
86 86 5
43 70 58
21 42 47
34 3 21
81 44 31
59 78 43
74 46 80
47 69 45
93 63 46
89 59 87
38 8 43
2 7 4
9 74 71
23 48 74
77 73 73
33 20 50
70 19 11
42 57 21
36 43 62
72 96 58
5 46 49
80 7 40
8 90 8
43 73 82
22 30 69
64 32 44
48 62 49
22 3 75
17 54 32
62 24 49
75 46 70
15 71 68
99 65 41
25 84 32
84 72 25
55 82 47
24 28 86
73 34 15
11 86 37
40 68 100
18 96 64
37 96 21
48 77 37
13 98 29
7 96 36
28 81 37
9 1 35
27 79 41
79 36 23
6 10 93
29 96 86
55 35 7
45 78 91
50 38 52
26 15 26
40 96 62
46 35 66
34 100 95
47 69 3
55 14 96
78 46 70
67 31 67
15 97 56
20 24 80
22 21 98
58 42 24
44 31 41
43 60 83
98 77 81
70 86 13
84 78 31
19 92 44
57 48 25
7 53 68
77 69 70
66 78 94
70 64 2
2 84 59
23 78 63
37 81 71
80 90 95
70 75 84
66 99 68
78 40 31
75 30 19
99 32 29
48 24 5
24 91 56
65 52 76
14 10 27
88 40 64
97 24 19
100 36 73
85 32 44
61 27 12
66 97 30
54 63 91
71 29 55
82 83 98
58 99 76
31 15 50
93 89 88
82 30 41
53 1 32
49 36 47
78 99 55
93 64 50
52 73 23
37 34 80
21 69 17
95 82 74
24 54 23
96 49 62
6 54 1
9 83 55
44 79 33
24 99 99
51 98 83
51 64 72
49 68 49
60 9 25
7 99 32
65 1 98
69 87 75
70 65 34
23 78 65
29 98 88
48 16 19
44 86 76
71 28 48
100 28 85
77 72 56
50 1 50
44 7 44
99 98 11
84 83 50
86 63 28
76 41 43
16 70 62
51 21 15
48 63 72
25 27 74
45 63 84
47 54 10
99 69 2
26 76 16
73 7 8
73 61 64
84 44 14
22 31 79
49 65 56
77 21 92
30 52 44
90 75 8
29 74 15
78 22 39
13 7 95
82 6 69
7 88 97
62 31 70
23 70 49
80 24 63
59 86 73
35 24 61
12 3 98
85 61 5
40 13 54
23 46 8
73 21 35
35 81 62
62 87 46
64 64 84
9 46 69
14 66 47
65 23 4
75 93 5
46 59 30
21 12 78
98 60 6
10 68 85
46 33 76
56 4 32
99 29 49
35 76 24
88 51 73
92 69 53
56 73 75
80 92 26
49 12 30
62 95 16
91 83 22
9 17 5
5 87 46
28 29 97
79 44 12
48 73 72
45 53 96
9 83 16
14 88 42
15 26 47
66 22 44
100 87 51
100 10 49
42 20 20
21 15 19
15 80 70
88 67 50
75 40 73
9 46 39
96 55 65
47 26 10
82 90 68
35 34 85
24 76 47
66 9 42
24 44 84
97 93 23
42 86 6
10 10 87
92 71 33
29 92 29
87 46 86
17 48 40
60 69 6
51 22 11
24 26 49
37 84 71
89 81 53
4 56 78
36 20 72
71 43 54
46 80 35
68 95 7
31 96 75
24 68 76
25 48 92
55 34 30
17 70 70
52 54 67
51 85 81
40 47 91
67 72 64
78 12 59
37 57 97
74 88 65
27 84 14
52 97 95
43 93 5
35 83 84
91 93 4
82 23 47
76 2 36
6 1 82
45 7 80
98 94 98
19 77 50
40 18 64
56 60 56
99 44 32
81 14 43
77 18 27
81 37 25
73 14 27
35 22 35
64 23 12
27 40 48
88 77 42
5 76 12
45 44 67
40 31 84
74 79 99
11 81 52
42 60 23
58 57 28
66 28 14
44 7 67
52 2 33
97 52 75
39 1 97
96 18 47
62 16 15
98 55 26
86 47 58
19 69 19
99 61 28
83 73 13
16 75 38
66 20 41
32 36 30
56 42 56
55 29 63
4 82 60
21 18 54
54 45 76
14 45 37
38 25 5
57 79 27
74 18 77
66 53 44
27 12 72
59 84 12
28 29 46
42 21 57
36 37 37
99 7 51
9 38 47
15 72 46
22 19 52
56 89 27
22 15 61
78 37 4
28 5 98
24 72 20
30 72 80
94 9 12
26 100 13
56 63 66
46 89 61
96 89 4
78 34 47
37 54 39
67 53 59
51 70 43
55 32 66
56 1 61
25 9 84
36 92 86
16 86 31
96 50 88
62 95 10
92 72 65
90 68 75
62 62 14
89 84 67
17 2 82
73 47 17
12 96 60
67 45 84
86 73 81
47 76 38
7 63 44
54 61 89
60 68 3
82 93 42
74 83 39
4 7 18
100 66 15
23 27 28
27 4 22
70 50 81
39 17 6
6 79 59
44 11 100
79 32 76
97 61 37
85 20 2
1 85 75
27 36 21
86 90 81
96 91 26
17 80 75
60 2 31
20 70 2
79 32 70
86 27 41
90 1 19
1 88 50
70 37 68
65 54 76
29 99 67
61 55 52
47 40 86
25 42 72
72 92 94
55 68 83
70 50 22
22 38 89
12 24 93
89 2 20
53 58 50
94 79 43
23 33 84
83 79 81
3 39 71
96 88 94
90 92 24
52 20 25
30 42 88
41 89 76
20 55 87
51 52 56
78 86 66
31 65 8
84 68 93
36 46 67
33 64 50
30 62 54
65 96 55
40 91 67
52 17 58
53 61 100
31 63 65
49 70 17
67 10 72
57 50 88
53 57 64
70 23 95
12 64 79
92 40 28
58 52 24
5 97 66
49 5 76
69 92 65
97 97 70
10 11 39
56 22 97
15 63 75
45 37 86
4 32 66
83 1 20
27 2 72
27 74 63
25 70 48
99 37 22
38 22 15
62 88 56
43 93 87
40 32 49
87 52 99
36 4 18
17 1 40
6 93 55
93 17 41
25 90 13
14 30 44
43 62 15
91 73 26
65 91 44
53 93 24
61 16 81
56 50 85
26 19 3
80 58 3
61 60 50
97 80 84
84 15 56
7 57 84
25 60 18
5 95 37
100 10 86
28 5 72
50 11 5
76 19 59
66 16 16
11 12 24
30 38 92
19 18 97
65 23 42
1 67 7
80 44 51
88 19 86
56 38 100
87 53 39
60 56 82
12 75 82
7 39 52
81 42 53
93 8 81
40 77 16
72 76 93
92 24 54
40 76 24
33 78 33
7 84 59
75 22 67
27 84 28
26 81 20
99 47 13
33 40 88
38 10 6
87 28 50
90 48 81
62 47 4
66 55 33
3 32 93
47 89 71
85 25 85
79 72 70
66 77 28
74 65 49
66 84 18
18 53 50
94 57 13
40 97 86
20 58 37
79 93 96
91 73 10
49 32 56
60 43 6
59 4 8
20 90 36
34 8 95
51 67 100
77 73 64
27 58 50
74 40 91
68 86 75
71 79 73
31 10 49
87 96 65
94 29 85
60 18 96
33 98 92
61 22 30
61 90 34
44 26 98
21 41 50
43 83 35
95 3 62
59 11 9
26 40 25
86 73 76
46 55 29
69 77 84
64 61 34
66 30 6
19 9 33
61 78 77
21 42 91
2 21 7
89 65 58
32 46 21
78 46 96
38 36 50
34 85 46
1 59 20
23 42 21
79 46 63
33 40 59
3 22 98
20 12 71
56 83 57
65 72 14
26 53 54
58 22 78
35 5 33
41 61 21
22 90 13
46 51 2
90 67 68
33 80 52
16 18 93
24 70 45
38 72 28
9 54 63
37 18 70
23 96 96
68 64 83
64 38 100
77 78 5
47 23 28
63 27 53
62 64 39
92 7 48
27 15 27
66 88 47
17 23 37
11 43 74
57 68 43
82 91 84
32 4 2
53 66 91
3 69 46
74 47 19
62 57 41
40 80 34
99 8 100
49 96 90
10 17 38
55 20 30
53 97 5
16 96 54
31 73 54
37 51 66
4 79 83
49 17 7
47 79 61
47 10 36
31 29 34
15 44 90
75 29 1
32 49 84
29 50 65
72 2 12
33 96 30
72 93 69
79 72 49
28 75 93
52 33 21
12 59 32
44 94 47
23 99 57
19 28 33
41 33 20
54 4 55
36 41 2
77 24 99
79 13 93
3 46 22
15 32 6
64 42 40
51 64 48
91 56 48
12 4 58
26 74 29
75 53 99
89 72 10
14 97 24
8 27 43
42 67 54
75 68 78
31 98 89
48 5 73
4 71 81
38 42 22
17 65 74
40 8 26
59 57 3
77 58 10
29 89 85
99 15 9
74 97 99
85 64 40
85 89 26
5 54 31
65 25 97
45 37 68
36 64 7
74 84 55
50 98 75
71 50 16
93 80 52
92 16 64
43 11 13
99 70 33
32 43 3
64 55 73
20 28 61
87 68 72
72 67 24
32 22 48
50 75 76
11 18 43
8 69 23
51 3 11
36 16 25
66 4 22
25 97 31
53 77 39
90 92 52
29 88 9
68 44 33
23 80 46
7 71 70
59 76 8
34 50 8
90 88 93
51 45 9
49 97 51
24 69 28
57 30 74
69 33 92
51 83 30
18 5 40
68 47 66
42 55 79
22 57 94
22 14 30
30 31 45
67 69 81
19 7 56
76 48 21
16 15 92
56 60 29
97 26 5
26 14 29
92 72 48
45 12 5
19 95 36
10 13 9
27 76 67
23 28 58
80 42 76
7 25 7
30 82 8
90 87 7
99 16 70
8 69 82
33 60 62
75 8 94
1 11 22
81 87 4
74 66 19
21 76 79
38 66 84
3 75 83
65 34 77
52 34 79
67 33 53
23 33 29
21 63 38
81 58 81
57 86 18
22 23 34
46 88 49
95 89 54
50 4 28
64 8 89
87 70 48
49 11 38
50 59 1
86 98 10
42 34 15
4 7 78
70 8 62
68 79 27
1 19 70
72 8 96
48 51 90
60 63 36
84 98 99
31 36 98
74 47 95
83 35 100
45 8 87
25 74 69
12 33 38
44 17 64
8 11 85
94 22 25
75 84 24
39 31 18
35 91 43
92 4 45
56 16 93
86 45 51
67 47 32
55 2 71
25 36 4
63 8 13
28 1 38
38 90 39
30 28 66
22 95 65
38 82 46
33 7 11
38 7 8
37 24 99
25 72 40
72 53 54
3 42 72
53 15 94
82 92 12
37 88 10
68 6 100
1 77 98
63 48 37
69 30 23
34 47 92
9 96 68
11 100 56
11 73 72
86 36 41
1 57 29
82 31 53
6 39 55
17 33 91
84 98 29
48 61 44
12 82 44
4 79 13
55 17 93
79 15 47
36 15 15
45 19 19
94 85 47
75 7 66
92 86 39
57 66 44
24 100 17
28 97 91
42 32 25
40 96 60
29 10 81
91 92 24
28 100 34
18 59 35
33 92 100
62 25 66
50 10 27
48 81 58
82 39 85
52 22 3
95 41 58
3 17 66
71 70 80
8 79 55
63 20 17
59 21 23
83 29 63
47 30 31
31 51 13
71 52 92
72 92 40
77 74 34
70 43 1
95 3 24
21 12 62
41 60 99
19 3 16
62 14 27
37 60 61
16 25 31
43 48 45
18 77 6
42 63 92
99 76 75
25 48 49
57 50 79
37 9 30
83 89 34
27 65 65
45 69 16
55 75 41
25 24 29
63 28 93
31 53 18
67 19 13
39 74 38
37 25 68
83 89 13
24 55 49
82 77 93
24 72 30
79 20 67
2 69 18
68 48 60
40 59 26
65 5 82
73 87 89
44 54 50
41 25 80
94 46 5
10 76 29
96 6 95
2 25 50
14 69 70
57 55 28
18 82 23
71 16 49
84 24 39
70 71 94
79 66 96
36 39 83
2 26 91
67 31 32
56 84 44
14 73 34
73 46 5
74 95 19
38 2 57
10 92 72
4 96 90
96 23 56
92 24 75
93 81 94
40 41 27
32 31 15
38 87 80
10 97 18
87 99 71
56 19 41
52 29 75
99 66 73
53 34 15
41 31 75
20 94 88
15 11 99
51 9 84
82 66 88
17 47 69
58 60 36
96 59 81
48 7 22
36 97 12
77 32 19
74 24 45
35 64 88
88 4 44
68 20 85
62 67 58
100 43 47
40 57 66
62 47 89
56 23 24
28 10 87
8 21 73
60 91 82
1 85 13
8 14 68
13 19 87
89 23 97
44 87 41
63 83 100
89 85 77
92 73 23
6 46 83
88 94 38
11 58 13
50 46 18
2 84 20
5 7 80
22 66 4
70 44 27
25 10 24
15 24 62
20 98 72
91 36 74
2 52 52
19 34 79
24 18 74
1 57 58
1 21 35
52 55 92
59 48 46
47 76 3
84 64 24
99 64 14
20 9 66
32 52 46
43 88 23
72 3 68
95 86 69
80 23 75
97 49 18
58 20 89
72 85 9
36 38 32
53 91 63
37 80 43
35 46 3
80 94 89
54 39 63
94 23 76
82 65 26
8 8 46
66 30 16
42 15 48
33 32 29
85 99 76
